// ~->[DNET-1]->~

// File created by RoseB at Jataware using Netica 5.04 on Feb 16, 2024 at 16:08:39.

bnet N021_10_14_BN_Limpopo_CROC_10h {
AutoCompile = TRUE;
autoupdate = TRUE;
whenchanged = 1708092519;

visual V1 {
	defdispform = BELIEFBARS;
	nodelabeling = NAME;
	NodeMaxNumEntries = 50;
	nodefont = font {shape= "Arial"; size= 9;};
	linkfont = font {shape= "Arial"; size= 9;};
	windowposn = (111, -21, 871, 713);
	scrollposn = (310, 0);
	resolution = 72;
	magnification = 0.707107;
	drawingbounds = (16062, 7782);
	showpagebreaks = FALSE;
	usegrid = TRUE;
	gridspace = (6, 6);
	NodeSet Node {BuiltIn = 1; Color = 0x00C0C0C0;};
	NodeSet Nature {BuiltIn = 1; Color = 0x00F8EED2;};
	NodeSet Deterministic {BuiltIn = 1; Color = 0x00D3CAA6;};
	NodeSet Finding {BuiltIn = 1; Color = 0x00C8C8C8;};
	NodeSet Constant {BuiltIn = 1; Color = 0x00FFFFFF;};
	NodeSet Utility {BuiltIn = 1; Color = 0x00FFBDBD;};
	NodeSet Decision {BuiltIn = 1; Color = 0x00DEE8FF;};
	NodeSet Documentation {BuiltIn = 1; Color = 0x00F0FAFA;};
	NodeSet Title {BuiltIn = 1; Color = 0x00FFFFFF;};
	NodeSet ConstantValue {BuiltIn = 1; Color = 0x00FFFFB4;};
	NodeSet EXPOSURE_PARENT {Color = 0x0080FF80;};
	NodeSet EFFECTS_PARENT {Color = 0x00FF80FF;};
	NodeSet EXPOSURE_CHILD {Color = 0x00FFFF80;};
	NodeSet ENDPOINTS {Color = 0x00B1E1F3;};
	NodeSet EFFECTS_CHILD {Color = 0x00FFC6AA;};
	NodeSet INPUT {Color = 0x00D4D4D4;};
	PrinterSetting A {
		margins = (1270, 1270, 1270, 1270);
		magnify = 1;
		};
	};

node AQ_ALIENS_PRED {
	kind = NATURE;
	discrete = FALSE;
	chance = CHANCE;
	states = (Zero, Low, Med, High);
	levels = (0, 25, 50, 75, 100);
	parents = ();
	probs = 
		// Zero         Low          Med          High         
		  (0.4,         0.2,         0.2,         0.2);
	numcases = 5;
	whenchanged = 1708092519;
	evidence = Zero;
	likelihood = (1, 0, 0, 0);
	belief = (1, 0, 0, 0);
	visual V1 {
		center = (1056, 2646);
		dispform = BELIEFBARS;
		height = 114;
		};
	};

node AQ_ALIENS_COMP {
	kind = NATURE;
	discrete = FALSE;
	chance = CHANCE;
	states = (Zero, Low, Med, High);
	levels = (0, 25, 50, 75, 100);
	parents = ();
	probs = 
		// Zero         Low          Med          High         
		  (0.4,         0.2,         0.2,         0.2);
	numcases = 5;
	whenchanged = 1708092519;
	evidence = Zero;
	likelihood = (1, 0, 0, 0);
	belief = (1, 0, 0, 0);
	visual V1 {
		center = (1062, 3042);
		dispform = BELIEFBARS;
		height = 111;
		};
	};

node FISH_ECO_ALI {
	kind = NATURE;
	discrete = FALSE;
	chance = CHANCE;
	states = (Zero, Low, Med, High);
	levels = (0, 25, 50, 75, 100);
	parents = (AQ_ALIENS_PRED, AQ_ALIENS_COMP);
	probs = 
		// Zero         Low          Med          High          // AQ_ALIENS_PRED AQ_ALIENS_COMP 
		  (0.8764341,   0.104242,    0.009681242, 0.009642657,  // Zero           Zero           
		   0.5405967,   0.4400371,   0.01011752,  0.009248695,  // Zero           Low            
		   0.1216846,   0.8086776,   0.05987397,  0.00976385,   // Zero           Med            
		   0.009866489, 0.01081058,  0.2736875,   0.7056355,    // Zero           High           
		   0.4435495,   0.5343971,   0.01229487,  0.009758475,  // Low            Zero           
		   0.08023021,  0.8284249,   0.08182974,  0.009515141,  // Low            Low            
		   0.0102419,   0.4935824,   0.484311,    0.01186472,   // Low            Med            
		   0.009702804, 0.01001473,  0.2073062,   0.7729763,    // Low            High           
		   0.08302354,  0.808777,    0.09868755,  0.009511895,  // Med            Zero           
		   0.01198559,  0.5332806,   0.4430991,   0.01163473,   // Med            Low            
		   0.009880311, 0.08167118,  0.8240242,   0.0844243,    // Med            Med            
		   0.0109116,   0.01093429,  0.1537666,   0.8243875,    // Med            High           
		   0.009213197, 0.009350834, 0.3196805,   0.6617555,    // High           Zero           
		   0.01083898,  0.0110527,   0.2093009,   0.7688074,    // High           Low            
		   0.01024425,  0.01045813,  0.1746176,   0.80468,      // High           Med            
		   0.01094433,  0.01095054,  0.1231394,   0.8549657);   // High           High           ;
	numcases = 
		                 // AQ_ALIENS_PRED AQ_ALIENS_COMP 
		  (103.7059,     // Zero           Zero           
		   108.1234,     // Zero           Low            
		   102.4374,     // Zero           Med            
		   101.3532,     // Zero           High           
		   102.4751,     // Low            Zero           
		   105.1087,     // Low            Low            
		   106.8391,     // Low            Med            
		   103.063,      // Low            High           
		   105.1796,     // Med            Zero           
		   99.75952,     // Med            Low            
		   101.2329,     // Med            Med            
		   91.64557,     // Med            High           
		   108.54,       // High           Zero           
		   92.25961,     // High           Low            
		   97.61573,     // High           Med            
		   91.37153);    // High           High           ;
	equation = "p(FISH_ECO_ALI|AQ_ALIENS_PRED,AQ_ALIENS_COMP)=\n\
		(AQ_ALIENS_COMP>75)?NormalDist(FISH_ECO_ALI,((AQ_ALIENS_PRED*0.2)+(AQ_ALIENS_COMP*1.8))/2,7.5):\n\
		(AQ_ALIENS_PRED>75)?NormalDist(FISH_ECO_ALI,((AQ_ALIENS_PRED*1.8)+(AQ_ALIENS_COMP*0.2))/2,7.5):\n\
		(AQ_ALIENS_PRED<75)?NormalDist(FISH_ECO_ALI,((AQ_ALIENS_PRED*1)+(AQ_ALIENS_COMP*1))/2,7.5):\n\
		NormalDist(FISH_ECO_ALI,((AQ_ALIENS_PRED*1)+(AQ_ALIENS_COMP*1))/2,7.5)\n\
		";
	whenchanged = 1634104097;
	belief = (0.8764341, 0.104242, 0.009681242, 0.009642656);
	visual V1 {
		center = (1932, 2346);
		dispform = BELIEFBARS;
		height = 46;
		};
	};

node INV_ECO_ALI {
	kind = NATURE;
	discrete = FALSE;
	chance = CHANCE;
	states = (Zero, Low, Med, High);
	levels = (0, 25, 50, 75, 100);
	parents = (AQ_ALIENS_PRED, AQ_ALIENS_COMP);
	probs = 
		// Zero         Low          Med          High          // AQ_ALIENS_PRED AQ_ALIENS_COMP 
		  (0.8543087,   0.124247,    0.01072314,  0.01072112,   // Zero           Zero           
		   0.4264555,   0.552601,    0.01185478,  0.009088749,  // Zero           Low            
		   0.08070693,  0.8121458,   0.09728593,  0.009861379,  // Zero           Med            
		   0.01110227,  0.01215633,  0.2844039,   0.6923375,    // Zero           High           
		   0.5005657,   0.4783922,   0.01158307,  0.00945901,   // Low            Zero           
		   0.05716372,  0.8509205,   0.08207458,  0.009841234,  // Low            Low            
		   0.01205292,  0.4559913,   0.5193018,   0.01265395,   // Low            Med            
		   0.009526648, 0.00969737,  0.2889459,   0.69183,      // Low            High           
		   0.1060636,   0.7771623,   0.1067293,   0.01004478,   // Med            Zero           
		   0.01232957,  0.4718884,   0.503841,    0.01194098,   // Med            Low            
		   0.009471337, 0.09808657,  0.8168864,   0.07555566,   // Med            Med            
		   0.009609143, 0.009648123, 0.1670462,   0.8136965,    // Med            High           
		   0.008423842, 0.008970533, 0.3357862,   0.6468194,    // High           Zero           
		   0.01050505,  0.01076498,  0.1984184,   0.7803116,    // High           Low            
		   0.01040636,  0.01053437,  0.1493287,   0.8297306,    // High           Med            
		   0.01198463,  0.01199771,  0.1177357,   0.858282);    // High           High           ;
	numcases = 
		                 // AQ_ALIENS_PRED AQ_ALIENS_COMP 
		  (93.27383,     // Zero           Zero           
		   110.0261,     // Zero           Low            
		   101.6917,     // Zero           Med            
		   90.07167,     // Zero           High           
		   105.7194,     // Low            Zero           
		   101.7405,     // Low            Low            
		   97.8615,      // Low            Med            
		   104.9687,     // Low            High           
		   99.61492,     // Med            Zero           
		   110.8841,     // Med            Low            
		   105.83,       // Med            Med            
		   104.0675,     // Med            High           
		   118.7107,     // High           Zero           
		   95.1923,      // High           Low            
		   96.09507,     // High           Med            
		   83.44023);    // High           High           ;
	equation = "p(INV_ECO_ALI|AQ_ALIENS_PRED,AQ_ALIENS_COMP)=\n\
		(AQ_ALIENS_COMP>75)?NormalDist(INV_ECO_ALI,((AQ_ALIENS_PRED*0.2)+(AQ_ALIENS_COMP*1.8))/2,7.5):\n\
		(AQ_ALIENS_PRED>75)?NormalDist(INV_ECO_ALI,((AQ_ALIENS_PRED*1.8)+(AQ_ALIENS_COMP*0.2))/2,7.5):\n\
		(AQ_ALIENS_PRED<75)?NormalDist(INV_ECO_ALI,((AQ_ALIENS_PRED*1)+(AQ_ALIENS_COMP*1))/2,7.5):\n\
		NormalDist(INV_ECO_ALI,((AQ_ALIENS_PRED*1)+(AQ_ALIENS_COMP*1))/2,7.5)\n\
		";
	whenchanged = 1634019165;
	belief = (0.8543087, 0.124247, 0.01072314, 0.01072112);
	visual V1 {
		center = (1914, 2904);
		dispform = BELIEFBARS;
		height = 55;
		};
	};

node SUB_FISH_ALI {
	kind = NATURE;
	discrete = FALSE;
	chance = CHANCE;
	states = (Zero, Low, Med, High);
	levels = (0, 25, 50, 75, 100);
	parents = (AQ_ALIENS_PRED, AQ_ALIENS_COMP);
	probs = 
		// Zero         Low          Med          High          // AQ_ALIENS_PRED AQ_ALIENS_COMP 
		  (0.8793053,   0.098594,    0.01105278,  0.01104794,   // Zero           Zero           
		   0.4678361,   0.5076869,   0.0137288,   0.01074821,   // Zero           Low            
		   0.09476019,  0.8115854,   0.08342462,  0.01022984,   // Zero           Med            
		   0.01060612,  0.01079911,  0.2911582,   0.6874366,    // Zero           High           
		   0.4896166,   0.4877121,   0.01287185,  0.009799537,  // Low            Zero           
		   0.1130023,   0.7777097,   0.09986892,  0.009419123,  // Low            Low            
		   0.01321273,  0.4167991,   0.5589774,   0.01101075,   // Low            Med            
		   0.01059173,  0.01123378,  0.235469,    0.7427055,    // Low            High           
		   0.08504163,  0.8256799,   0.07991707,  0.009361427,  // Med            Zero           
		   0.01339827,  0.4552835,   0.5200229,   0.01129531,   // Med            Low            
		   0.01105492,  0.08794241,  0.809652,    0.09135067,   // Med            Med            
		   0.009871541, 0.009897267, 0.225203,    0.7550282,    // Med            High           
		   0.009996726, 0.010732,    0.3570932,   0.6221781,    // High           Zero           
		   0.01045612,  0.01068719,  0.2156344,   0.7632223,    // High           Low            
		   0.009825984, 0.009857788, 0.2044513,   0.775865,     // High           Med            
		   0.01088439,  0.0109004,   0.08637764,  0.8918376);   // High           High           ;
	numcases = 
		                 // AQ_ALIENS_PRED AQ_ALIENS_COMP 
		  (90.51462,     // Zero           Zero           
		   93.03884,     // Zero           Low            
		   97.87436,     // Zero           Med            
		   94.28519,     // Zero           High           
		   102.0457,     // Low            Zero           
		   106.1889,     // Low            Low            
		   106.5771,     // Low            Med            
		   94.41327,     // Low            High           
		   106.8891,     // Med            Zero           
		   104.7589,     // Med            Low            
		   90.49577,     // Med            Med            
		   101.3013,     // Med            High           
		   100.0327,     // High           Zero           
		   95.6378,      // High           Low            
		   101.771,      // High           Med            
		   91.87473);    // High           High           ;
	equation = "p(SUB_FISH_ALI|AQ_ALIENS_PRED,AQ_ALIENS_COMP)=\n\
		(AQ_ALIENS_COMP>75)?NormalDist(SUB_FISH_ALI,((AQ_ALIENS_PRED*0.2)+(AQ_ALIENS_COMP*1.8))/2,7.5):\n\
		(AQ_ALIENS_PRED>75)?NormalDist(SUB_FISH_ALI,((AQ_ALIENS_PRED*1.8)+(AQ_ALIENS_COMP*0.2))/2,7.5):\n\
		(AQ_ALIENS_PRED<75)?NormalDist(SUB_FISH_ALI,((AQ_ALIENS_PRED*1)+(AQ_ALIENS_COMP*1))/2,7.5):\n\
		NormalDist(SUB_FISH_ALI,((AQ_ALIENS_PRED*1)+(AQ_ALIENS_COMP*1))/2,7.5)\n\
		";
	whenchanged = 1634133979;
	belief = (0.8793053, 0.09859401, 0.01105278, 0.01104794);
	visual V1 {
		center = (2196, 858);
		dispform = BELIEFBARS;
		height = 20;
		};
	};

node SUB_FISH_POT {
	kind = NATURE;
	discrete = FALSE;
	chance = CHANCE;
	states = (Zero, Low, Med, High);
	levels = (0, 25, 50, 75, 100);
	parents = ();
	probs = 
		// Zero         Low          Med          High         
		  (0.25,        0.25,        0.25,        0.25);
	numcases = 4;
	whenchanged = 1708092519;
	likelihood = (0.2, 0.6, 0.15, 0.05);
	belief = (0.2, 0.6, 0.15, 0.05);
	visual V1 {
		center = (2730, 756);
		dispform = BELIEFBARS;
		height = 70;
		};
	};

node FISH_ECO_DTW {
	kind = NATURE;
	discrete = FALSE;
	chance = CHANCE;
	states = (Zero, Low, Med, High);
	levels = (0, 25, 50, 75, 100);
	parents = (SUB_FISH_POT, FISH_ECO_ALI);
	probs = 
		// Zero         Low          Med          High          // SUB_FISH_POT FISH_ECO_ALI 
		  (1,           0,           0,           0,            // Zero         Zero         
		   1,           0,           0,           0,            // Zero         Low          
		   1,           0,           0,           0,            // Zero         Med          
		   1,           0,           0,           0,            // Zero         High         
		   0.4809577,   0.4978722,   0.011223,    0.009947091,  // Low          Zero         
		   0.08503684,  0.804116,    0.1015419,   0.009305312,  // Low          Low          
		   0.01112994,  0.4804975,   0.4977389,   0.01063361,   // Low          Med          
		   0.009332796, 0.009914982, 0.2432501,   0.7375021,    // Low          High         
		   0.06125849,  0.8145336,   0.1149686,   0.009239329,  // Med          Zero         
		   0.01068253,  0.533682,    0.4458876,   0.00974786,   // Med          Low          
		   0.009703794, 0.08338846,  0.8110653,   0.0958425,    // Med          Med          
		   0.01008851,  0.01019541,  0.1678085,   0.8119076,    // Med          High         
		   0.009713273, 0.01102745,  0.3583259,   0.6209334,    // High         Zero         
		   0.0107937,   0.0108033,   0.136395,    0.842008,     // High         Low          
		   0.0107937,   0.0108033,   0.136395,    0.842008,     // High         Med          
		   0.0107937,   0.01080329,  0.136395,    0.842008);    // High         High         ;
	numcases = 
		                 // SUB_FISH_POT FISH_ECO_ALI 
		  (103.64,       // Zero         Zero         
		   108.3102,     // Zero         Low          
		   105.7104,     // Zero         Med          
		   104.3257,     // Zero         High         
		   100.5319,     // Low          Zero         
		   107.5461,     // Low          Low          
		   106.4279,     // Low          Med          
		   107.149,      // Low          High         
		   108.3233,     // Med          Zero         
		   109.6327,     // Med          Low          
		   103.103,      // Med          Med          
		   99.12271,     // Med          High         
		   102.9519,     // High         Zero         
		   96.53406,     // High         Low          
		   93.63744,     // High         Med          
		   92.64668);    // High         High         ;
	whenchanged = 1633696050;
	belief = (0.4670953, 0.4310668, 0.05660334, 0.04523456);
	visual V1 {
		center = (1932, 2190);
		dispform = BELIEFBARS;
		height = 47;
		};
	};

node NO_BARRIERS {
	kind = NATURE;
	discrete = FALSE;
	chance = CHANCE;
	states = (Zero, Low, Med, High);
	levels = (0, 25, 50, 75, 100);
	parents = ();
	probs = 
		// Zero         Low          Med          High         
		  (0.4,         0.2,         0.2,         0.2);
	numcases = 5;
	ExperBase = 1;
	whenchanged = 1708092519;
	evidence = Zero;
	likelihood = (1, 0, 0, 0);
	belief = (1, 0, 0, 0);
	visual V1 {
		center = (1062, 1032);
		dispform = BELIEFBARS;
		height = 127;
		};
	};

node INV_ECO_BAR {
	kind = NATURE;
	discrete = FALSE;
	chance = CHANCE;
	states = (Zero, Low, Med, High);
	levels = (0, 25, 50, 75, 100);
	parents = (NO_BARRIERS);
	probs = 
		// Zero         Low          Med          High          // NO_BARRIERS 
		  (0.99,        0.01,        0,           0,            // Zero        
		   0.25,        0.55,        0.15,        0.05,         // Low         
		   0.25,        0.55,        0.15,        0.05,         // Med         
		   0.01,        0.09,        0.55,        0.35);        // High        ;
	numcases = 1;
	whenchanged = 1636536704;
	belief = (0.99, 0.01, 0, 0);
	visual V1 {
		center = (1728, 2880);
		dispform = BELIEFBARS;
		height = 58;
		};
	};

node LANDUSE_SSUP {
	kind = NATURE;
	discrete = FALSE;
	chance = CHANCE;
	states = (Zero, Low, Med, High);
	levels = (0, 25, 50, 75, 100);
	parents = ();
	probs = 
		// Zero         Low          Med          High         
		  (0.25,        0.25,        0.25,        0.25);
	numcases = 4;
	whenchanged = 1708092519;
	likelihood = (0.6, 0.35, 0.05, 0);
	belief = (0.6, 0.35, 0.05, 0);
	visual V1 {
		center = (1050, 2376);
		dispform = BELIEFBARS;
		height = 116;
		};
	};

node INV_ECO_SSUP {
	kind = NATURE;
	discrete = FALSE;
	chance = CHANCE;
	states = (Zero, Low, Med, High);
	levels = (0, 25, 50, 75, 100);
	parents = (LANDUSE_SSUP);
	probs = 
		// Zero         Low          Med          High          // LANDUSE_SSUP 
		  (0.99,        0.01,        0,           0,            // Zero         
		   0.25,        0.5,         0.24,        0.01,         // Low          
		   0.01,        0.24,        0.5,         0.25,         // Med          
		   0,           0,           0.01,        0.99);        // High         ;
	numcases = 66.5817;
	whenchanged = 1634545638;
	belief = (0.682, 0.193, 0.109, 0.016);
	visual V1 {
		center = (1728, 3132);
		dispform = BELIEFBARS;
		height = 61;
		};
	};

node DISCHARGE_FD {
	kind = NATURE;
	discrete = TRUE;
	chance = CHANCE;
	levels = (0, 0.9, 1.8, 2.7, 3.6, 4.6, 11.1, 20.9, 34.2, 51, 71.5, 95.8, 124, 156.3, 192.6, 233.1, 277.9, 327, 380.4, 438.2, 500.6, 567.5, 638.9, 715, 795.8, 881.3, 971.6, 1066.7, 1166.6);
	parents = ();
	probs = 
		// 0            0.9          1.8          2.7          3.6          4.6          11.1         20.9         34.2         51           71.5         95.8         124          156.3        192.6        233.1        277.9        327          380.4        438.2        500.6        567.5        638.9        715          795.8        881.3        971.6        1066.7       1166.6       
		  (0.03448276,  0.03448276,  0.03448276,  0.03448276,  0.03448276,  0.03448276,  0.03448276,  0.03448276,  0.03448276,  0.03448276,  0.03448276,  0.03448276,  0.03448276,  0.03448276,  0.03448276,  0.03448276,  0.03448276,  0.03448276,  0.03448276,  0.03448276,  0.03448276,  0.03448276,  0.03448276,  0.03448276,  0.03448276,  0.03448276,  0.03448276,  0.03448276,  0.03448276);
	numcases = 29;
	ExperBase = 1;
	EqnDirty = TRUE;
	whenchanged = 1708092519;
	likelihood = (0, 0, 0, 0, 0, 0, 0, 0, 0, 0, 0, 0, 0, 0, 0, 0.05, 0.2, 0, 0.5, 0, 0.2, 0, 0, 0, 0, 0, 0, 0.05, 0);
	belief = (0, 0, 0, 0, 0, 0, 0, 0, 0, 0, 0, 0, 0, 0, 0, 0.05, 0.2, 0, 0.5, 0, 0.2, 0, 0, 0, 0, 0, 0, 0.05, 0);
	visual V1 {
		center = (1050, 1698);
		dispform = BELIEFMETER;
		height = 121;
		};
	};

node INV_ECO_SFLO {
	kind = NATURE;
	discrete = FALSE;
	chance = CHANCE;
	states = (Zero, Low, Med, High);
	levels = (0, 25, 50, 75, 100);
	parents = (DISCHARGE_FD);
	probs = 
		// Zero         Low          Med          High          // DISCHARGE_FD 
		  (0,           0.01,        0.05,        0.94,         // 0            
		   0,           0.05,        0.1,         0.85,         // 0.9          
		   0,           0.05,        0.1,         0.85,         // 1.8          
		   0,           0.1,         0.5,         0.4,          // 2.7          
		   0,           0.2,         0.5,         0.3,          // 3.6          
		   0.25,        0.5,         0.2,         0.05,         // 4.6          
		   0.5,         0.4,         0.09,        0.01,         // 11.1         
		   0.75,        0.2,         0.05,        0,            // 20.9         
		   0.75,        0.2,         0.05,        0,            // 34.2         
		   0.75,        0.2,         0.05,        0,            // 51           
		   0.75,        0.2,         0.05,        0,            // 71.5         
		   0.75,        0.2,         0.05,        0,            // 95.8         
		   0.75,        0.2,         0.05,        0,            // 124          
		   0.45,        0.45,        0.09,        0.01,         // 156.3        
		   0.45,        0.45,        0.09,        0.01,         // 192.6        
		   0.45,        0.45,        0.09,        0.01,         // 233.1        
		   0.45,        0.45,        0.09,        0.01,         // 277.9        
		   0.45,        0.45,        0.09,        0.01,         // 327          
		   0.45,        0.45,        0.09,        0.01,         // 380.4        
		   0.45,        0.45,        0.09,        0.01,         // 438.2        
		   0.45,        0.45,        0.09,        0.01,         // 500.6        
		   0.45,        0.45,        0.09,        0.01,         // 567.5        
		   0.45,        0.45,        0.09,        0.01,         // 638.9        
		   0.45,        0.45,        0.09,        0.01,         // 715          
		   0.45,        0.45,        0.09,        0.01,         // 795.8        
		   0.2,         0.5,         0.25,        0.05,         // 881.3        
		   0.2,         0.5,         0.25,        0.05,         // 971.6        
		   0.2,         0.5,         0.25,        0.05,         // 1066.7       
		   0.2,         0.5,         0.25,        0.05);        // 1166.6       ;
	numcases = 1;
	whenchanged = 1636655733;
	belief = (0.4375, 0.4525, 0.098, 0.012);
	visual V1 {
		center = (1728, 3006);
		dispform = BELIEFBARS;
		height = 57;
		};
	};

node INV_ECO_GEOM {
	kind = NATURE;
	discrete = FALSE;
	chance = CHANCE;
	states = (Zero, Low, Med, High);
	levels = (0, 25, 50, 75, 100);
	parents = (INV_ECO_SSUP, INV_ECO_SFLO);
	probs = 
		// Zero         Low          Med          High          // INV_ECO_SSUP INV_ECO_SFLO 
		  (0.8894406,   0.08880157,  0.01088458,  0.01087325,   // Zero         Zero         
		   0.4605362,   0.5171344,   0.01256578,  0.009763606,  // Zero         Low          
		   0.08758771,  0.8141167,   0.08869667,  0.009598903,  // Zero         Med          
		   0.01076607,  0.01112545,  0.2607511,   0.7173573,    // Zero         High         
		   0.505854,    0.4726101,   0.01182063,  0.009715313,  // Low          Zero         
		   0.1171847,   0.8074151,   0.06605244,  0.009347714,  // Low          Low          
		   0.01382531,  0.4319629,   0.5398052,   0.01440656,   // Low          Med          
		   0.009555255, 0.009707914, 0.2127889,   0.767948,     // Low          High         
		   0.1132159,   0.7732248,   0.1052305,   0.00832877,   // Med          Zero         
		   0.0120444,   0.51838,     0.4567976,   0.01277795,   // Med          Low          
		   0.009599825, 0.08514751,  0.8043612,   0.1008915,    // Med          Med          
		   0.01091889,  0.01095022,  0.1681305,   0.8100004,    // Med          High         
		   0.009605797, 0.01111472,  0.3050787,   0.6742008,    // High         Zero         
		   0.009443923, 0.009553795, 0.2853715,   0.6956308,    // High         Low          
		   0.01021149,  0.0104779,   0.1685463,   0.8107644,    // High         Med          
		   0.01173996,  0.01177357,  0.1511699,   0.8253165);   // High         High         ;
	numcases = 
		                 // INV_ECO_SSUP INV_ECO_SFLO 
		  (91.96885,     // Zero         Zero         
		   102.4212,     // Zero         Low          
		   104.2024,     // Zero         Med          
		   92.88444,     // Zero         High         
		   102.9304,     // Low          Zero         
		   107.0191,     // Low          Low          
		   90.09723,     // Low          Med          
		   104.6544,     // Low          High         
		   120.2385,     // Med          Zero         
		   100.7775,     // Med          Low          
		   104.2147,     // Med          Med          
		   91.58441,     // Med          High         
		   104.1038,     // High         Zero         
		   105.8882,     // High         Low          
		   97.92893,     // High         Med          
		   85.17919);    // High         High         ;
	equation = "p(INV_ECO_GEOM|INV_ECO_SSUP,INV_ECO_SFLO)=\n\
		(INV_ECO_SFLO>75)?NormalDist(INV_ECO_GEOM,((INV_ECO_SSUP*0.2)+(INV_ECO_SFLO*1.8))/2,7.5):\n\
		(INV_ECO_SSUP>75)?NormalDist(INV_ECO_GEOM,((INV_ECO_SSUP*1.8)+(INV_ECO_SFLO*0.2))/2,7.5):\n\
		(INV_ECO_SSUP<75)?NormalDist(INV_ECO_GEOM,((INV_ECO_SSUP*1)+(INV_ECO_SFLO*1))/2,7.5):\n\
		NormalDist(INV_ECO_GEOM,((INV_ECO_SSUP*1)+(INV_ECO_SFLO*1))/2,7.5)\n\
		";
	whenchanged = 1633621229;
	belief = (0.4729472, 0.4227325, 0.07351263, 0.03080769);
	visual V1 {
		center = (1914, 3030);
		dispform = BELIEFBARS;
		height = 56;
		};
	};

node DISCHARGE_HF {
	kind = NATURE;
	discrete = TRUE;
	chance = CHANCE;
	levels = (0, 0.9, 1.8, 2.7, 3.6, 4.6, 11.1, 20.9, 34.2, 51, 71.5, 95.8, 124, 156.3, 192.6, 233.1, 277.9, 327, 380.4, 438.2, 500.6, 567.5, 638.9, 715, 795.8, 881.3, 971.6, 1066.7, 1166.6);
	parents = ();
	probs = 
		// 0            0.9          1.8          2.7          3.6          4.6          11.1         20.9         34.2         51           71.5         95.8         124          156.3        192.6        233.1        277.9        327          380.4        438.2        500.6        567.5        638.9        715          795.8        881.3        971.6        1066.7       1166.6       
		  (0.03448276,  0.03448276,  0.03448276,  0.03448276,  0.03448276,  0.03448276,  0.03448276,  0.03448276,  0.03448276,  0.03448276,  0.03448276,  0.03448276,  0.03448276,  0.03448276,  0.03448276,  0.03448276,  0.03448276,  0.03448276,  0.03448276,  0.03448276,  0.03448276,  0.03448276,  0.03448276,  0.03448276,  0.03448276,  0.03448276,  0.03448276,  0.03448276,  0.03448276);
	numcases = 29;
	ExperBase = 1;
	EqnDirty = TRUE;
	whenchanged = 1708092519;
	likelihood = (0, 0, 0, 0, 0, 0, 0.05, 0, 0.2, 0.5, 0, 0, 0, 0, 0.2, 0, 0, 0, 0, 0, 0, 0, 0, 0, 0.05, 0, 0, 0, 0);
	belief = (0, 0, 0, 0, 0, 0, 0.05, 0, 0.2, 0.5, 0, 0, 0, 0, 0.2, 0, 0, 0, 0, 0, 0, 0, 0, 0, 0.05, 0, 0, 0, 0);
	visual V1 {
		center = (1056, 1566);
		dispform = BELIEFMETER;
		height = 122;
		};
	};

node INV_ECO_VD {
	kind = NATURE;
	discrete = FALSE;
	chance = CHANCE;
	states = (Zero, Low, Med, High);
	levels = (0, 25, 50, 75, 100);
	parents = (DISCHARGE_HF);
	probs = 
		// Zero         Low          Med          High          // DISCHARGE_HF 
		  (0,           0.01,        0.01,        0.98,         // 0            
		   0.9,         0.05,        0.05,        0,            // 0.9          
		   0.95,        0.05,        0,           0,            // 1.8          
		   0.99,        0.01,        0,           0,            // 2.7          
		   0.99,        0.01,        0,           0,            // 3.6          
		   0.99,        0.01,        0,           0,            // 4.6          
		   0.99,        0.01,        0,           0,            // 11.1         
		   0.99,        0.01,        0,           0,            // 20.9         
		   0.99,        0.01,        0,           0,            // 34.2         
		   0.99,        0.01,        0,           0,            // 51           
		   0.99,        0.01,        0,           0,            // 71.5         
		   0.99,        0.01,        0,           0,            // 95.8         
		   0.99,        0.01,        0,           0,            // 124          
		   0.99,        0.01,        0,           0,            // 156.3        
		   0.99,        0.01,        0,           0,            // 192.6        
		   0.99,        0.01,        0,           0,            // 233.1        
		   0.99,        0.01,        0,           0,            // 277.9        
		   0.99,        0.01,        0,           0,            // 327          
		   0.99,        0.01,        0,           0,            // 380.4        
		   0.99,        0.01,        0,           0,            // 438.2        
		   0.99,        0.01,        0,           0,            // 500.6        
		   0.99,        0.01,        0,           0,            // 567.5        
		   0.99,        0.01,        0,           0,            // 638.9        
		   0.99,        0.01,        0,           0,            // 715          
		   0.99,        0.01,        0,           0,            // 795.8        
		   0.99,        0.01,        0,           0,            // 881.3        
		   0.99,        0.01,        0,           0,            // 971.6        
		   0.99,        0.01,        0,           0,            // 1066.7       
		   0.99,        0.01,        0,           0);           // 1166.6       ;
	numcases = 1;
	whenchanged = 1636656039;
	belief = (0.99, 0.01, 0, 0);
	visual V1 {
		center = (1554, 3000);
		dispform = BELIEFBARS;
		height = 60;
		};
	};

node INV_ECO_COV {
	kind = NATURE;
	discrete = FALSE;
	chance = CHANCE;
	states = (Zero, Low, Med, High);
	levels = (0, 25, 50, 75, 100);
	parents = (DISCHARGE_HF);
	probs = 
		// Zero         Low          Med          High          // DISCHARGE_HF 
		  (0,           0.01,        0.01,        0.98,         // 0            
		   0.95,        0.05,        0,           0,            // 0.9          
		   0.99,        0.01,        0,           0,            // 1.8          
		   0.99,        0.01,        0,           0,            // 2.7          
		   0.99,        0.01,        0,           0,            // 3.6          
		   0.99,        0.01,        0,           0,            // 4.6          
		   0.99,        0.01,        0,           0,            // 11.1         
		   0.99,        0.01,        0,           0,            // 20.9         
		   0.99,        0.01,        0,           0,            // 34.2         
		   0.99,        0.01,        0,           0,            // 51           
		   0.99,        0.01,        0,           0,            // 71.5         
		   0.99,        0.01,        0,           0,            // 95.8         
		   0.99,        0.01,        0,           0,            // 124          
		   0.99,        0.01,        0,           0,            // 156.3        
		   0.99,        0.01,        0,           0,            // 192.6        
		   0.99,        0.01,        0,           0,            // 233.1        
		   0.99,        0.01,        0,           0,            // 277.9        
		   0.99,        0.01,        0,           0,            // 327          
		   0.99,        0.01,        0,           0,            // 380.4        
		   0.99,        0.01,        0,           0,            // 438.2        
		   0.99,        0.01,        0,           0,            // 500.6        
		   0.99,        0.01,        0,           0,            // 567.5        
		   0.99,        0.01,        0,           0,            // 638.9        
		   0.99,        0.01,        0,           0,            // 715          
		   0.99,        0.01,        0,           0,            // 795.8        
		   0.99,        0.01,        0,           0,            // 881.3        
		   0.99,        0.01,        0,           0,            // 971.6        
		   0.99,        0.01,        0,           0,            // 1066.7       
		   0.99,        0.01,        0,           0);           // 1166.6       ;
	numcases = 1;
	whenchanged = 1636656068;
	belief = (0.99, 0.01, 0, 0);
	visual V1 {
		center = (1554, 2880);
		dispform = BELIEFBARS;
		height = 59;
		};
	};

node INV_ECO_HAB {
	kind = NATURE;
	discrete = FALSE;
	chance = CHANCE;
	states = (Zero, Low, Med, High);
	levels = (0, 25, 50, 75, 100);
	parents = (INV_ECO_GEOM, INV_ECO_VD, INV_ECO_COV);
	probs = 
		// Zero         Low          Med          High          // INV_ECO_GEOM INV_ECO_VD INV_ECO_COV 
		  (0.8873137,   0.09228802,  0.01020135,  0.01019695,   // Zero         Zero       Zero        
		   0.6614804,   0.3189388,   0.009863841, 0.009717059,  // Zero         Zero       Low         
		   0.2942686,   0.6730666,   0.02314295,  0.009521875,  // Zero         Zero       Med         
		   0.009618932, 0.01624312,  0.6284379,   0.3457,       // Zero         Zero       High        
		   0.635199,    0.3447355,   0.01015257,  0.00991294,   // Zero         Low        Zero        
		   0.3716291,   0.6059483,   0.01293502,  0.00948751,   // Zero         Low        Low         
		   0.07577457,  0.841608,    0.07282699,  0.009790381,  // Zero         Low        Med         
		   0.00949449,  0.01268981,  0.4622405,   0.5155752,    // Zero         Low        High        
		   0.2558911,   0.7182274,   0.01638306,  0.009498517,  // Zero         Med        Zero        
		   0.1119512,   0.8086,      0.07047517,  0.008973671,  // Zero         Med        Low         
		   0.01348685,  0.6598392,   0.3167293,   0.009944576,  // Zero         Med        Med         
		   0.009074461, 0.0110022,   0.4543218,   0.5256016,    // Zero         Med        High        
		   0.01029478,  0.0148207,   0.6010273,   0.3738572,    // Zero         High       Zero        
		   0.009021595, 0.01187707,  0.4462414,   0.5328599,    // Zero         High       Low         
		   0.009433563, 0.009734152, 0.3876801,   0.5931522,    // Zero         High       Med         
		   0.009967335, 0.0111169,   0.2792661,   0.6996497,    // Zero         High       High        
		   0.6876788,   0.2941833,   0.009114936, 0.009022941,  // Low          Zero       Zero        
		   0.3302197,   0.645567,    0.0144963,   0.009717026,  // Low          Zero       Low         
		   0.06392071,  0.8399292,   0.08640485,  0.009745216,  // Low          Zero       Med         
		   0.009422,    0.01276439,  0.4681198,   0.5096938,    // Low          Zero       High        
		   0.3754866,   0.5981842,   0.01640922,  0.009919931,  // Low          Low        Zero        
		   0.07515731,  0.8370737,   0.07736523,  0.01040376,   // Low          Low        Low         
		   0.01786587,  0.7021183,   0.2703324,   0.009683366,  // Low          Low        Med         
		   0.01028787,  0.01273089,  0.3585585,   0.6184227,    // Low          Low        High        
		   0.07402,     0.8241009,   0.0921704,   0.009708706,  // Low          Med        Zero        
		   0.01669842,  0.7048942,   0.2686946,   0.009712783,  // Low          Med        Low         
		   0.009568057, 0.2890114,   0.6821255,   0.01929503,   // Low          Med        Med         
		   0.01055509,  0.01094112,  0.2829096,   0.6955941,    // Low          Med        High        
		   0.009375622, 0.01094815,  0.4644392,   0.515237,     // Low          High       Zero        
		   0.00914872,  0.01044305,  0.3566239,   0.6237844,    // Low          High       Low         
		   0.009988342, 0.01031579,  0.2577176,   0.7219782,    // Low          High       Med         
		   0.009784331, 0.009888187, 0.2299829,   0.7503446,    // Low          High       High        
		   0.3481921,   0.6278821,   0.01409924,  0.009826643,  // Med          Zero       Zero        
		   0.08311078,  0.8193632,   0.08805618,  0.009469878,  // Med          Zero       Low         
		   0.01452402,  0.6913098,   0.2846974,   0.009468812,  // Med          Zero       Med         
		   0.01056502,  0.01277912,  0.3449477,   0.6317082,    // Med          Zero       High        
		   0.0937342,   0.8171151,   0.07906684,  0.01008383,   // Med          Low        Zero        
		   0.0149795,   0.6612269,   0.3139223,   0.009871336,  // Med          Low        Low         
		   0.01024976,  0.3027114,   0.6721047,   0.01493412,   // Med          Low        Med         
		   0.01073951,  0.01157794,  0.3805912,   0.5970913,    // Med          Low        High        
		   0.01648306,  0.7168522,   0.2574525,   0.009212159,  // Med          Med        Zero        
		   0.01030494,  0.3063958,   0.6679279,   0.0153714,    // Med          Med        Low         
		   0.009868853, 0.07454793,  0.8197324,   0.09585077,   // Med          Med        Med         
		   0.01091755,  0.0110127,   0.2583069,   0.7197629,    // Med          Med        High        
		   0.009534959, 0.01134854,  0.3810985,   0.5980181,    // Med          High       Zero        
		   0.01072834,  0.01121476,  0.3111314,   0.6669255,    // Med          High       Low         
		   0.009829053, 0.00996373,  0.2341634,   0.7460438,    // Med          High       Med         
		   0.00932312,  0.009367404, 0.1384792,   0.8428302,    // Med          High       High        
		   0.009390045, 0.01590126,  0.5771536,   0.3975551,    // High         Zero       Zero        
		   0.00972895,  0.01402839,  0.4631488,   0.5130939,    // High         Zero       Low         
		   0.01098747,  0.01257665,  0.3693489,   0.607087,     // High         Zero       Med         
		   0.01061,     0.01104788,  0.3237972,   0.6545449,    // High         Zero       High        
		   0.009923926, 0.01545836,  0.5051482,   0.4694695,    // High         Low        Zero        
		   0.009145522, 0.01126635,  0.3323958,   0.6471924,    // High         Low        Low         
		   0.009235519, 0.009485108, 0.2804391,   0.7008402,    // High         Low        Med         
		   0.01070788,  0.01079293,  0.3028047,   0.6756945,    // High         Low        High        
		   0.009821832, 0.0119405,   0.4107511,   0.5674865,    // High         Med        Zero        
		   0.01063283,  0.01114365,  0.3465559,   0.6316676,    // High         Med        Low         
		   0.009149192, 0.009256215, 0.1862575,   0.7953371,    // High         Med        Med         
		   0.009560312, 0.009599905, 0.1600205,   0.8208193,    // High         Med        High        
		   0.009661313, 0.009766439, 0.3085817,   0.6719905,    // High         High       Zero        
		   0.01019507,  0.01034864,  0.2119933,   0.767463,     // High         High       Low         
		   0.009585661, 0.009625418, 0.2119601,   0.7688288,    // High         High       Med         
		   0.01050292,  0.01050397,  0.08505128,  0.8939418);   // High         High       High        ;
	numcases = 
		                 // INV_ECO_GEOM INV_ECO_VD INV_ECO_COV 
		  (98.06855,     // Zero         Zero       Zero        
		   102.9118,     // Zero         Zero       Low         
		   105.0219,     // Zero         Zero       Med         
		   103.9618,     // Zero         Zero       High        
		   100.8782,     // Zero         Low        Zero        
		   105.4018,     // Zero         Low        Low         
		   102.1818,     // Zero         Low        Med         
		   105.3242,     // Zero         Low        High        
		   105.2797,     // Zero         Med        Zero        
		   111.4406,     // Zero         Med        Low         
		   103.8574,     // Zero         Med        Med         
		   110.1994,     // Zero         Med        High        
		   97.13702,     // Zero         High       Zero        
		   110.8451,     // Zero         High       Low         
		   106.0045,     // Zero         High       Med         
		   100.3277,     // Zero         High       High        
		   110.8286,     // Low          Zero       Zero        
		   102.9122,     // Low          Zero       Low         
		   102.6251,     // Low          Zero       Med         
		   106.1345,     // Low          Zero       High        
		   100.8073,     // Low          Low        Zero        
		   96.1481,      // Low          Low        Low         
		   106.5592,     // Low          Low        Med         
		   97.20181,     // Low          Low        High        
		   103.0321,     // Low          Med        Zero        
		   105.0617,     // Low          Med        Low         
		   106.5423,     // Low          Med        Med         
		   94.74099,     // Low          Med        High        
